n = 0:10:1000000;
e1 = (1+1./n).^n;
